%YAML:1.0
---
cameraMatrix1: !!opencv-matrix
   rows: 3
   cols: 3
   dt: d
   data: [ 1.4021681563988873e+03, 0., 9.5630174378265974e+02, 0.,
       1.4052549165790583e+03, 5.1064538814067515e+02, 0., 0., 1. ]
distCoeffs1: !!opencv-matrix
   rows: 1
   cols: 5
   dt: d
   data: [ 2.6287204149292455e-02, -1.6362022947109295e-01,
       -1.2357291477174226e-03, -1.1187106594204373e-03,
       1.4154624427926246e-01 ]
cameraMatrix2: !!opencv-matrix
   rows: 3
   cols: 3
   dt: d
   data: [ 1.4122729097594829e+03, 0., 9.5056194726007618e+02, 0.,
       1.4116643426221303e+03, 5.0903540649429448e+02, 0., 0., 1. ]
distCoeffs2: !!opencv-matrix
   rows: 1
   cols: 5
   dt: d
   data: [ 3.4888796970449457e-02, -1.6612235419042282e-01,
       -1.9709825231378213e-03, -2.0936495714867255e-03,
       1.2348070408023844e-01 ]
R: !!opencv-matrix
   rows: 3
   cols: 3
   dt: d
   data: [ 9.9992533150447893e-01, 1.0323966308480677e-02,
       6.5381293440310313e-03, -1.0344791928672247e-02,
       9.9994149974488566e-01, 3.1594885505702949e-03,
       -6.5051284084483140e-03, -3.2268882239803623e-03,
       9.9997363490083058e-01 ]
F: !!opencv-matrix
   rows: 3
   cols: 3
   dt: d
   data: [ 1.7622320220221823e-08, -1.4984497852656562e-06,
       2.9431135267604490e-04, 1.8439041005460026e-06,
       1.8402439143484601e-07, -7.5236255326810123e-02,
       -1.2692011779313142e-03, 7.5060453066011210e-02, 1. ]
E: !!opencv-matrix
   rows: 3
   cols: 3
   dt: d
   data: [ 1.9722469105829001e-04, -1.6807201355554791e-02,
       -3.6238169675185559e-03, 2.0627630450287728e-02,
       2.0632004120820389e-03, -5.8544006086299394e-01,
       -2.4870501220898142e-03, 5.8556807755373963e-01,
       1.8734335466557813e-03 ]
T: [ 5.8556546877968607e-01, -3.5707694370331793e-03,
    1.6819707786598168e-02 ]
Rot1: !!opencv-matrix
   rows: 3
   cols: 3
   dt: d
   data: [ 9.9937080237669096e-01, 4.1318683702909623e-03,
       3.5226794074104402e-02, -4.1910748174238139e-03,
       9.9998992609776050e-01, 1.6070453853268645e-03,
       -3.5219799102827437e-02, -1.7536723657324120e-03,
       9.9937805178240235e-01 ]
Rot2: !!opencv-matrix
   rows: 3
   cols: 3
   dt: d
   data: [ 9.9956915546828773e-01, -6.0953577026757423e-03,
       2.8711496841692403e-02, 6.1436075002579364e-03,
       9.9997985967041103e-01, -1.5925892213468522e-03,
       -2.8701211181705485e-02, 1.7682952303298327e-03,
       9.9958647130134837e-01 ]
P1: !!opencv-matrix
   rows: 3
   cols: 4
   dt: d
   data: [ 1.4084596296005943e+03, 0., 8.7992889404296875e+02, 0., 0.,
       1.4084596296005943e+03, 5.0701833724975586e+02, 0., 0., 0., 1.,
       0. ]
P2: !!opencv-matrix
   rows: 3
   cols: 4
   dt: d
   data: [ 1.4084596296005943e+03, 0., 8.8589361572265625e+02,
       8.2510081343791626e+02, 0., 1.4084596296005943e+03,
       5.0701833724975586e+02, 0., 0., 0., 1., 0. ]
Q: !!opencv-matrix
   rows: 4
   cols: 4
   dt: d
   data: [ 1., 0., 0., -8.7992889404296875e+02, 0., 1., 0.,
       -5.0701833724975586e+02, 0., 0., 0., 1.4084596296005943e+03, 0.,
       0., -1.7070151994300176e+00, -1.0181870567596308e+01 ]
