%YAML:1.0
---
cameraMatrix1: !!opencv-matrix
   rows: 3
   cols: 3
   dt: d
   data: [ 1.3751327605427032e+03, 0., 9.7429419049020032e+02, 0.,
       1.3745809106658007e+03, 5.2147912511188588e+02, 0., 0., 1. ]
distCoeffs1: !!opencv-matrix
   rows: 1
   cols: 5
   dt: d
   data: [ 2.3506763759922417e-02, -1.3945620697924455e-01,
       3.2505562467937250e-04, 2.7239555819724708e-03,
       8.8962325886173532e-02 ]
cameraMatrix2: !!opencv-matrix
   rows: 3
   cols: 3
   dt: d
   data: [ 1.4257658959343019e+03, 0., 9.5858771277157496e+02, 0.,
       1.4272439873062481e+03, 5.0324543384112718e+02, 0., 0., 1. ]
distCoeffs2: !!opencv-matrix
   rows: 1
   cols: 5
   dt: d
   data: [ 4.4159983495136820e-02, -1.7981590499528424e-01,
       -3.2220843392351257e-03, -1.1250020679466547e-04,
       1.2408276669720478e-01 ]
R: !!opencv-matrix
   rows: 3
   cols: 3
   dt: d
   data: [ 9.9972306980444392e-01, -2.1527410707914557e-02,
       9.5054873095260575e-03, 2.1477608305664780e-02,
       9.9975522443204901e-01, 5.3107026175082664e-03,
       -9.6174862748659301e-03, -5.1050767904053601e-03,
       9.9994071931725870e-01 ]
F: !!opencv-matrix
   rows: 3
   cols: 3
   dt: d
   data: [ 2.1540619728181243e-08, 9.2203912369429158e-07,
       -7.4680579928253557e-04, -1.0617941961638853e-06,
       -5.5614964067127196e-08, 2.1359909169792867e-02,
       3.2189412730804608e-04, -2.1944068271077265e-02, 1. ]
E: !!opencv-matrix
   rows: 3
   cols: 3
   dt: d
   data: [ -8.4805454606736320e-04, -3.6286127459658861e-02,
       7.0141932929044509e-03, 4.1846191641213108e-02,
       2.1909523542710651e-03, -5.8168803608652897e-01,
       5.2962299650789182e-03, 5.8207986941016332e-01,
       3.0226780369034408e-03 ]
T: [ 5.8206719337638479e-01, 7.2071771068023052e-03,
    3.6258209390883124e-02 ]
Rot1: !!opencv-matrix
   rows: 3
   cols: 3
   dt: d
   data: [ 9.9738040756031510e-01, -9.4473769756383465e-03,
       7.1715198410796877e-02, 9.2866732507974128e-03,
       9.9995356512663303e-01, 2.5739639604376876e-03,
       -7.1736185532496152e-02, -1.9012256091497110e-03,
       9.9742182903044108e-01 ]
Rot2: !!opencv-matrix
   rows: 3
   cols: 3
   dt: d
   data: [ 9.9798926828166656e-01, 1.2357139328659908e-02,
       6.2166884289272147e-02, -1.2217842812998668e-02,
       9.9992192601249008e-01, -2.6203428152414671e-03,
       -6.2194410613981399e-02, 1.8555287884097660e-03,
       9.9806232886593549e-01 ]
P1: !!opencv-matrix
   rows: 3
   cols: 4
   dt: d
   data: [ 1.4009124489860244e+03, 0., 8.3076528930664062e+02, 0., 0.,
       1.4009124489860244e+03, 5.0991714096069336e+02, 0., 0., 0., 1.,
       0. ]
P2: !!opencv-matrix
   rows: 3
   cols: 4
   dt: d
   data: [ 1.4009124489860244e+03, 0., 8.2981065368652344e+02,
       8.1706808205596076e+02, 0., 1.4009124489860244e+03,
       5.0991714096069336e+02, 0., 0., 0., 1., 0. ]
Q: !!opencv-matrix
   rows: 4
   cols: 4
   dt: d
   data: [ 1., 0., 0., -8.3076528930664062e+02, 0., 1., 0.,
       -5.0991714096069336e+02, 0., 0., 0., 1.4009124489860244e+03, 0.,
       0., -1.7145602425944186e+00, 1.6367802804173983e+00 ]
